INIT_ELO <- 1300
HOME_TEAM_ADVANTAGE <- 100
INIT_SEASON <- 1997
FINAL_SEASON <- 2020