INIT_ELO <- 1300
